Data Distribution

5     14210
1     12557
2      6025
12     4682
8      4591
0      4079
3      2630
4      2239
11     1243
14     1219
7      1057
6       935
15      830
9       817
10      514
13       65

Report
            precision    recall  f1-score   support

        0       0.99      1.00      1.00      4079
        1       1.00      0.99      0.99     12557
        2       0.98      0.99      0.99      6025
        3       0.98      0.99      0.99      2630
        4       0.97      0.97      0.97      2239
        5       0.99      0.98      0.99     14210
        6       0.94      0.93      0.93       935
        7       0.97      0.97      0.97      1057
        8       0.99      0.97      0.98      4591
        9       0.96      0.97      0.97       817
        10       0.98      0.99      0.99       514
        11       0.97      0.98      0.97      1243
        12       0.97      0.99      0.98      4682
        13       0.88      0.69      0.78        65
        14       0.97      0.98      0.98      1219
        15       0.96      0.97      0.96       830

avg / total       0.98      0.98      0.98     57693